
# config
clef-c-alto.png=46~29~0.000000~2.100000~right,in
clef-c-tenor.png=40~49~0.000000~2.200000~right,in
clef-f.png=20~29~0.000000~2.200000~right,in
clef-g-double.png=47~50~0.000000~2.200000~right,in
clef-g-minus-15.png=25~44~0.000000~2.400000~right,in
clef-g-minus-8.png=25~45~0.000000~2.400000~right,in
clef-g-plus-15.png=20~56~0.000000~2.200000~right,in
clef-g-plus-8.png=20~56~0.000000~2.200000~right,in
clef-g.png=20~52~0.000000~2.400000~right,in