
# config
tie-end-1.png=45~60~0.000000~1.200000~top,in
tie-end-2.png=65~50~0.000000~1.800000~top,in
tie-end-3.png=70~20~0.000000~2.200000~top,in
tie-end-4.png=65~10~0.000000~2.000000~top,in
tie-end-5.png=40~10~0.000000~1.400000~top,in
tie-start-1.png=10~60~354.000000~1.400000~top,in
tie-start-2.png=5~35~0.000000~1.800000~top,in
tie-start-3.png=1~13~0.000000~2.400000~top,in
tie-start-4.png=15~20~0.000000~1.600000~top,in
tie-start-5.png=20~20~0.000000~1.600000~top,in