
# config
note-up-1.png=10~9~0.000000~2.300000~fixed
note-up-16.png=13~45~0.000000~2.000000~fixed
note-up-2.png=11~47~0.000000~2.000000~fixed
note-up-32.png=12~52~0.000000~2.100000~fixed
note-up-4.png=11~46~0.000000~2.200000~fixed
note-up-64.png=12~64~0.000000~2.400000~fixed
note-up-8.png=12~45~0.000000~2.100000~fixed
note-up-beam-16-L.0.1.1.0.png=35~64~0.000000~1.700000~fixed
note-up-beam-16-L.0.2.0.0.png=58~67~0.000000~1.800000~fixed
note-up-beam-16-L.1.0.1.0.png=52~65~0.000000~1.700000~fixed
note-up-beam-16-L.1.1.0.0.png=53~69~0.000000~1.600000~fixed
note-up-beam-16-M.2.0.0.0.png=56~65~0.000000~1.800000~fixed
note-up-beam-16-R.0.1.1.0.png=44~68~0.000000~1.700000~fixed
note-up-beam-16-R.0.2.0.0.png=45~69~0.000000~1.800000~fixed
note-up-beam-16-R.1.0.1.0.png=59~65~0.000000~1.700000~fixed
note-up-beam-16-R.1.1.0.0.png=59~66~0.000000~1.700000~fixed
note-up-beam-32-L.0.1.2.0.png=47~78~0.000000~1.700000~fixed
note-up-beam-32-L.0.2.1.0.png=54~76~0.000000~1.700000~fixed
note-up-beam-32-L.0.3.0.0.png=58~77~0.000000~1.700000~fixed
note-up-beam-32-L.1.0.2.0.png=45~77~0.000000~1.700000~fixed
note-up-beam-32-L.1.1.1.0.png=48~76~0.000000~1.700000~fixed
note-up-beam-32-L.1.2.0.0.png=45~74~0.000000~1.700000~fixed
note-up-beam-32-L.2.0.1.0.png=47~77~0.000000~1.800000~fixed
note-up-beam-32-L.2.1.0.0.png=49~79~0.000000~1.700000~fixed
note-up-beam-32-M.3.0.0.0.png=57~73~0.000000~1.800000~fixed
note-up-beam-32-R.0.1.2.0.png=52~82~0.000000~1.800000~fixed
note-up-beam-32-R.0.2.1.0.png=53~77~0.000000~1.800000~fixed
note-up-beam-32-R.0.3.0.0.png=54~77~0.000000~1.800000~fixed
note-up-beam-32-R.1.0.2.0.png=55~75~0.000000~1.800000~fixed
note-up-beam-32-R.1.1.1.0.png=54~78~0.000000~1.800000~fixed
note-up-beam-32-R.1.2.0.0.png=53~79~0.000000~1.800000~fixed
note-up-beam-32-R.2.0.1.0.png=55~82~0.000000~1.700000~fixed
note-up-beam-32-R.2.1.0.0.png=56~79~0.000000~1.700000~fixed
note-up-beam-64-L.0.1.3.0.png=39~87~0.000000~1.600000~fixed
note-up-beam-64-L.0.2.2.0.png=40~87~0.000000~1.700000~fixed
note-up-beam-64-L.0.3.1.0.png=43~94~0.000000~1.700000~fixed
note-up-beam-64-L.0.4.0.0.png=46~88~0.000000~1.600000~fixed
note-up-beam-64-L.1.0.3.0.png=49~90~0.000000~1.700000~fixed
note-up-beam-64-L.1.1.2.0.png=55~93~0.000000~1.600000~fixed
note-up-beam-64-L.1.2.1.0.png=44~92~0.000000~1.800000~fixed
note-up-beam-64-L.1.3.0.0.png=50~88~0.000000~1.700000~fixed
note-up-beam-64-L.2.0.2.0.png=46~88~0.000000~1.600000~fixed
note-up-beam-64-L.2.1.1.0.png=55~91~0.000000~1.700000~fixed
note-up-beam-64-L.2.2.0.0.png=56~86~0.000000~1.700000~fixed
note-up-beam-64-L.3.0.1.0.png=57~91~0.000000~1.700000~fixed
note-up-beam-64-L.3.1.0.0.png=48~90~0.000000~1.700000~fixed
note-up-beam-64-M.4.0.0.0.png=45~88~0.000000~1.700000~fixed
note-up-beam-64-R.0.1.3.0.png=58~91~0.000000~1.700000~fixed
note-up-beam-64-R.0.2.2.0.png=51~97~0.000000~1.800000~fixed
note-up-beam-64-R.0.3.1.0.png=45~94~0.000000~1.700000~fixed
note-up-beam-64-R.0.4.0.0.png=43~92~0.000000~1.700000~fixed
note-up-beam-64-R.1.0.3.0.png=61~85~0.000000~1.700000~fixed
note-up-beam-64-R.1.1.2.0.png=66~92~0.000000~1.700000~fixed
note-up-beam-64-R.1.2.1.0.png=64~91~0.000000~1.700000~fixed
note-up-beam-64-R.1.3.0.0.png=65~89~0.000000~1.800000~fixed
note-up-beam-64-R.2.0.2.0.png=41~88~0.000000~1.700000~fixed
note-up-beam-64-R.2.1.1.0.png=61~93~0.000000~1.800000~fixed
note-up-beam-64-R.2.2.0.0.png=51~89~0.000000~1.600000~fixed
note-up-beam-64-R.3.0.1.0.png=58~91~0.000000~1.700000~fixed
note-up-beam-64-R.3.1.0.0.png=55~90~0.000000~1.700000~fixed
note-up-beam-8-L.0.1.0.0.png=42~58~0.000000~1.800000~fixed
note-up-beam-8-M.1.0.0.0.png=49~56~0.000000~1.700000~fixed
note-up-beam-8-R.0.1.0.0.png=56~60~0.000000~1.700000~fixed