
# config
repetition-simile-multi.png=26~25~0.000000~2.200000~left,in
repetition-simile.png=17~17~0.000000~2.100000~left,in
repetition-slash.png=55~55~0.000000~1.000000~left,in