
# config
note-down-1.png=10~9~0.000000~2.000000~fixed
note-down-16.png=27~10~0.000000~2.200000~fixed
note-down-2.png=13~10~0.000000~2.100000~fixed
note-down-32.png=25~12~0.000000~2.100000~fixed
note-down-4.png=14~11~0.000000~2.100000~fixed
note-down-64.png=26~10~0.000000~2.200000~fixed
note-down-8.png=20~14~0.000000~2.300000~fixed
note-down-beam-16-L.0.1.1.0.png=66~11~0.000000~1.800000~fixed
note-down-beam-16-L.0.2.0.0.png=56~14~0.000000~1.800000~fixed
note-down-beam-16-L.1.0.1.0.png=79~13~0.000000~2.000000~fixed
note-down-beam-16-L.1.1.0.0.png=81~14~0.000000~2.000000~fixed
note-down-beam-16-M.2.0.0.0.png=73~12~0.000000~1.900000~fixed
note-down-beam-16-R.0.1.1.0.png=45~11~0.000000~1.900000~fixed
note-down-beam-16-R.0.2.0.0.png=61~13~0.000000~1.800000~fixed
note-down-beam-16-R.1.0.1.0.png=73~13~0.000000~2.000000~fixed
note-down-beam-16-R.1.1.0.0.png=71~10~0.000000~2.000000~fixed
note-down-beam-32-L.0.1.2.0.png=72~11~0.000000~1.900000~fixed
note-down-beam-32-L.0.2.1.0.png=75~13~0.000000~1.800000~fixed
note-down-beam-32-L.0.3.0.0.png=73~13~0.000000~1.800000~fixed
note-down-beam-32-L.1.0.2.0.png=72~16~0.000000~1.800000~fixed
note-down-beam-32-L.1.1.1.0.png=61~12~0.000000~1.800000~fixed
note-down-beam-32-L.1.2.0.0.png=72~15~0.000000~1.900000~fixed
note-down-beam-32-L.2.0.1.0.png=73~14~0.000000~1.900000~fixed
note-down-beam-32-L.2.1.0.0.png=73~14~0.000000~1.900000~fixed
note-down-beam-32-M.3.0.0.0.png=74~14~0.000000~1.900000~fixed
note-down-beam-32-R.0.1.2.0.png=63~10~0.000000~1.900000~fixed
note-down-beam-32-R.0.2.1.0.png=70~13~0.000000~1.900000~fixed
note-down-beam-32-R.0.3.0.0.png=71~13~0.000000~1.900000~fixed
note-down-beam-32-R.1.0.2.0.png=63~13~0.000000~1.900000~fixed
note-down-beam-32-R.1.1.1.0.png=64~11~0.000000~1.900000~fixed
note-down-beam-32-R.1.2.0.0.png=64~13~0.000000~1.900000~fixed
note-down-beam-32-R.2.0.1.0.png=69~13~0.000000~1.900000~fixed
note-down-beam-32-R.2.1.0.0.png=69~10~0.000000~1.900000~fixed
note-down-beam-64-L.0.1.3.0.png=78~14~0.000000~1.900000~fixed
note-down-beam-64-L.0.2.2.0.png=69~13~0.000000~1.900000~fixed
note-down-beam-64-L.0.3.1.0.png=65~14~0.000000~1.900000~fixed
note-down-beam-64-L.0.4.0.0.png=63~15~0.000000~1.900000~fixed
note-down-beam-64-L.1.0.3.0.png=76~13~0.000000~1.900000~fixed
note-down-beam-64-L.1.1.2.0.png=81~11~0.000000~1.800000~fixed
note-down-beam-64-L.1.2.1.0.png=79~16~0.000000~2.000000~fixed
note-down-beam-64-L.1.3.0.0.png=80~12~0.000000~2.000000~fixed
note-down-beam-64-L.2.0.2.0.png=62~13~0.000000~1.900000~fixed
note-down-beam-64-L.2.1.1.0.png=78~12~0.000000~2.000000~fixed
note-down-beam-64-L.2.2.0.0.png=69~12~0.000000~2.000000~fixed
note-down-beam-64-L.3.0.1.0.png=72~13~0.000000~2.000000~fixed
note-down-beam-64-L.3.1.0.0.png=66~10~0.000000~1.900000~fixed
note-down-beam-64-M.4.0.0.0.png=60~15~0.000000~1.900000~fixed
note-down-beam-64-R.0.1.3.0.png=49~13~0.000000~1.900000~fixed
note-down-beam-64-R.0.2.2.0.png=45~13~0.000000~1.900000~fixed
note-down-beam-64-R.0.3.1.0.png=49~13~0.000000~1.900000~fixed
note-down-beam-64-R.0.4.0.0.png=52~12~0.000000~1.900000~fixed
note-down-beam-64-R.1.0.3.0.png=65~13~0.000000~1.900000~fixed
note-down-beam-64-R.1.1.2.0.png=68~11~0.000000~1.900000~fixed
note-down-beam-64-R.1.2.1.0.png=53~13~0.000000~2.000000~fixed
note-down-beam-64-R.1.3.0.0.png=63~12~0.000000~2.000000~fixed
note-down-beam-64-R.2.0.2.0.png=66~14~0.000000~1.900000~fixed
note-down-beam-64-R.2.1.1.0.png=66~12~0.000000~1.900000~fixed
note-down-beam-64-R.2.2.0.0.png=70~11~0.000000~1.900000~fixed
note-down-beam-64-R.3.0.1.0.png=64~14~0.000000~1.800000~fixed
note-down-beam-64-R.3.1.0.0.png=53~14~0.000000~1.900000~fixed
note-down-beam-8-L.0.1.0.0.png=55~11~0.000000~1.900000~fixed
note-down-beam-8-M.1.0.0.0.png=71~9~0.000000~1.900000~fixed
note-down-beam-8-R.0.1.0.0.png=53~11~0.000000~1.900000~fixed