
# config
octave-down-end.png=276~3~0.000000~2.600000~bottom,out
octave-down-middle.png=151~3~0.000000~2.200000~bottom,out
octave-down-start-15.png=5~2~0.000000~2.100000~bottom,out
octave-down-start-8.png=-4~-3~0.000000~2.600000~bottom,out
octave-up-end.png=277~12~0.000000~2.300000~top,out
octave-up-middle.png=152~17~0.000000~2.200000~top,out
octave-up-start-15.png=-4~22~0.000000~2.300000~top,out
octave-up-start-8.png=-3~17~0.000000~2.000000~top,out