
# config
repetition-coda.png=24~25~0.000000~1.400000~top,out
repetition-da-capo.png=25~25~0.000000~2.000000~top,out
repetition-dal-segno.png=26~24~0.000000~1.800000~top,out
repetition-segno.png=25~35~0.000000~1.000000~top,out
repetition-volta-end-close.png=365~35~0.000000~2.000000~top,out
repetition-volta-end-open.png=240~35~0.000000~2.000000~top,out
repetition-volta-start-1.png=75~35~0.000000~2.000000~top,out
repetition-volta-start-2.png=70~35~0.000000~2.000000~top,out