
# config
repetition-coda.png=25~27~0.000000~1.400000~top,out
repetition-da-capo.png=25~25~0.000000~1.600000~top,out
repetition-dal-segno.png=27~24~0.000000~1.800000~top,out
repetition-segno.png=25~35~0.000000~0.800000~top,out
repetition-volta-end-close.png=151~35~0.000000~1.400000~top,out
repetition-volta-end-open.png=146~10~0.000000~1.600000~top,out