
# config
measure-bar-double-bold.png=83~25~0.000000~2.100000~fixed
measure-bar.png=34~25~0.000000~2.100000~fixed
measure-repeat-end.png=25~29~0.000000~2.300000~fixed