
# config
tie-end-1.png=44~63~0.000000~2.800000~top,in
tie-end-2.png=64~50~0.000000~3.400000~top,in
tie-end-3.png=69~19~0.000000~3.800000~top,in
tie-end-4.png=62~11~0.000000~3.600000~top,in
tie-end-5.png=40~12~0.000000~3.000000~top,in
tie-start-1.png=10~63~0.000000~2.500000~top,in
tie-start-2.png=7~37~0.000000~3.400000~top,in
tie-start-3.png=3~11~0.000000~4.000000~top,in
tie-start-4.png=15~20~0.000000~3.200000~top,in
tie-start-5.png=19~18~0.000000~3.200000~top,in